1757889774923 61.39009929280663 0
1757889868470 75.1125080362883 1
1757889961637 79.15565397528395 2
1757890053389 80.34859632830917 3
1757890143975 81.08436316879776 4
1757890236009 81.77726980498608 5
1757890326805 82.48446317594114 6
1757890418692 82.91306521894421 7
1757890511502 82.39159939995714 8
1757890605311 83.12736624044575 9
1757890698635 83.72026573326666 10
1757890796566 83.66311879419959 11
1757890898321 84.24887491963712 12
1757890998232 84.04886063290235 13
1757891092152 84.4846060432888 14
1757889774923 61.39009929280663 0
