1757889774923 0.6542702752705578 0
1757889868470 0.51864156460381 1
1757889961637 0.462144468404931 2
1757890053389 0.43909171784985557 3
1757890143975 0.42761835489915384 4
1757890236009 0.4125271903257392 5
1757890326805 0.4059146857356916 6
1757890418692 0.395464454543645 7
1757890511502 0.3919191866024444 8
1757890605311 0.3821683386213159 9
1757890698635 0.37833739919205234 10
1757890796566 0.3757754163518888 11
1757890898321 0.3692285183766117 12
1757890998232 0.36532614659092744 13
1757891092152 0.35922131331884155 14
1757889774923 0.6542702752705578 0
