1757887313129 61.39009929280663 0
1757887411752 75.1125080362883 1
1757887505006 79.15565397528395 2
1757887598326 80.34859632830917 3
1757887692530 81.08436316879776 4
1757887784125 81.77726980498608 5
1757887877094 82.48446317594114 6
1757887970406 82.91306521894421 7
1757888062658 82.39159939995714 8
1757888154781 83.12736624044575 9
1757888248518 83.72026573326666 10
1757888342916 83.66311879419959 11
1757888437680 84.24887491963712 12
1757888531531 84.04886063290235 13
1757888625638 84.4846060432888 14
