1757887313129 0.6542702752705578 0
1757887411752 0.51864156460381 1
1757887505006 0.462144468404931 2
1757887598326 0.43909171784985557 3
1757887692530 0.42761835489915384 4
1757887784125 0.4125271903257392 5
1757887877094 0.4059146857356916 6
1757887970406 0.395464454543645 7
1757888062658 0.3919191866024444 8
1757888154781 0.3821683386213159 9
1757888248518 0.37833739919205234 10
1757888342916 0.3757754163518888 11
1757888437680 0.3692285183766117 12
1757888531531 0.36532614659092744 13
1757888625638 0.35922131331884155 14
